Count Iteration, Accuracy (%), ACC (%), TN (%), TP (%), TimeStep
1, 100.0, 94.97128363960053, 0.0, 100.0, 10000
2, 100.0, 94.97128363960053, 0.0, 100.0, 10000
3, 100.0, 94.97128363960053, 0.0, 100.0, 10000
4, 100.0, 94.97128363960053, 0.0, 100.0, 10000
5, 100.0, 94.97128363960053, 0.0, 100.0, 10000
6, 100.0, 94.97128363960053, 0.0, 100.0, 10000
7, 100.0, 94.97128363960053, 0.0, 100.0, 10000
8, 100.0, 94.97128363960053, 0.0, 100.0, 10000
9, 100.0, 94.97128363960053, 0.0, 100.0, 10000
10, 100.0, 94.97128363960053, 0.0, 100.0, 10000
11, 100.0, 94.97128363960053, 0.0, 100.0, 10000
12, 100.0, 94.97128363960053, 0.0, 100.0, 10000
13, 100.0, 94.97128363960053, 0.0, 100.0, 10000
14, 100.0, 94.97128363960053, 0.0, 100.0, 10000
15, 100.0, 94.97128363960053, 0.0, 100.0, 10000
16, 100.0, 94.97128363960053, 0.0, 100.0, 10000
17, 100.0, 94.97128363960053, 0.0, 100.0, 10000
18, 100.0, 94.97128363960053, 0.0, 100.0, 10000
19, 100.0, 94.97128363960053, 0.0, 100.0, 10000
20, 100.0, 94.97128363960053, 0.0, 100.0, 10000
21, 100.0, 94.97128363960053, 0.0, 100.0, 10000
22, 100.0, 94.97128363960053, 0.0, 100.0, 10000
23, 100.0, 94.97128363960053, 0.0, 100.0, 10000
24, 100.0, 94.97128363960053, 0.0, 100.0, 10000
25, 100.0, 94.97128363960053, 0.0, 100.0, 10000
26, 100.0, 94.97128363960053, 0.0, 100.0, 10000
1, 100.0, 94.99973580135513, 0.0, 100.0, 100000
2, 100.0, 94.99973580135513, 0.0, 100.0, 100000
3, 100.0, 94.99973580135513, 0.0, 100.0, 100000
4, 100.0, 94.99973580135513, 0.0, 100.0, 100000
5, 100.0, 94.99973580135513, 0.0, 100.0, 100000
6, 100.0, 94.99973580135513, 0.0, 100.0, 100000
7, 100.0, 94.99973580135513, 0.0, 100.0, 100000
8, 100.0, 94.99973580135513, 0.0, 100.0, 100000
9, 100.0, 94.99973580135513, 0.0, 100.0, 100000
10, 100.0, 94.99973580135513, 0.0, 100.0, 100000
11, 100.0, 94.99973580135513, 0.0, 100.0, 100000
12, 100.0, 94.99973580135513, 0.0, 100.0, 100000
13, 100.0, 94.99973580135513, 0.0, 100.0, 100000
14, 100.0, 94.99973580135513, 0.0, 100.0, 100000
15, 100.0, 94.99973580135513, 0.0, 100.0, 100000
16, 100.0, 94.99973580135513, 0.0, 100.0, 100000
17, 100.0, 94.99973580135513, 0.0, 100.0, 100000
18, 100.0, 94.99973580135513, 0.0, 100.0, 100000
19, 100.0, 94.99973580135513, 0.0, 100.0, 100000
20, 100.0, 94.99973580135513, 0.0, 100.0, 100000
21, 100.0, 94.99973580135513, 0.0, 100.0, 100000
22, 100.0, 94.99973580135513, 0.0, 100.0, 100000
23, 100.0, 94.99973580135513, 0.0, 100.0, 100000
24, 100.0, 94.99973580135513, 0.0, 100.0, 100000
25, 100.0, 94.99973580135513, 0.0, 100.0, 100000
26, 100.0, 94.99973580135513, 0.0, 100.0, 100000
1, 100.0, 95.05582720595707, 0.0, 100.0, 150000
2, 100.0, 95.05582720595707, 0.0, 100.0, 150000
3, 100.0, 95.05582720595707, 0.0, 100.0, 150000
4, 100.0, 95.05582720595707, 0.0, 100.0, 150000
5, 100.0, 95.05582720595707, 0.0, 100.0, 150000
6, 100.0, 95.05582720595707, 0.0, 100.0, 150000
7, 100.0, 95.05582720595707, 0.0, 100.0, 150000
8, 100.0, 95.05582720595707, 0.0, 100.0, 150000
9, 100.0, 95.05582720595707, 0.0, 100.0, 150000
10, 100.0, 95.05582720595707, 0.0, 100.0, 150000
11, 100.0, 95.05582720595707, 0.0, 100.0, 150000
12, 100.0, 95.05582720595707, 0.0, 100.0, 150000
13, 100.0, 95.05582720595707, 0.0, 100.0, 150000
14, 100.0, 95.05582720595707, 0.0, 100.0, 150000
15, 100.0, 95.05582720595707, 0.0, 100.0, 150000
16, 100.0, 95.05582720595707, 0.0, 100.0, 150000
17, 100.0, 95.05582720595707, 0.0, 100.0, 150000
18, 100.0, 95.05582720595707, 0.0, 100.0, 150000
19, 100.0, 95.05582720595707, 0.0, 100.0, 150000
20, 100.0, 95.05582720595707, 0.0, 100.0, 150000
21, 100.0, 95.05582720595707, 0.0, 100.0, 150000
22, 100.0, 95.05582720595707, 0.0, 100.0, 150000
23, 100.0, 95.05582720595707, 0.0, 100.0, 150000
24, 100.0, 95.05582720595707, 0.0, 100.0, 150000
25, 100.0, 95.05582720595707, 0.0, 100.0, 150000
26, 100.0, 95.05582720595707, 0.0, 100.0, 150000
1, 100.0, 95.01233604441789, 0.0, 100.0, 300000
2, 100.0, 95.01233604441789, 0.0, 100.0, 300000
3, 100.0, 95.01233604441789, 0.0, 100.0, 300000
4, 100.0, 95.01233604441789, 0.0, 100.0, 300000
5, 100.0, 95.01233604441789, 0.0, 100.0, 300000
6, 100.0, 95.01233604441789, 0.0, 100.0, 300000
7, 100.0, 95.01233604441789, 0.0, 100.0, 300000
8, 100.0, 95.01233604441789, 0.0, 100.0, 300000
9, 100.0, 95.01233604441789, 0.0, 100.0, 300000
10, 100.0, 95.01233604441789, 0.0, 100.0, 300000
11, 100.0, 95.01233604441789, 0.0, 100.0, 300000
12, 100.0, 95.01233604441789, 0.0, 100.0, 300000
13, 100.0, 95.01233604441789, 0.0, 100.0, 300000
14, 100.0, 95.01233604441789, 0.0, 100.0, 300000
15, 100.0, 95.01233604441789, 0.0, 100.0, 300000
16, 100.0, 95.01233604441789, 0.0, 100.0, 300000
17, 100.0, 95.01233604441789, 0.0, 100.0, 300000
18, 100.0, 95.01233604441789, 0.0, 100.0, 300000
19, 100.0, 95.01233604441789, 0.0, 100.0, 300000
20, 100.0, 95.01233604441789, 0.0, 100.0, 300000
21, 100.0, 95.01233604441789, 0.0, 100.0, 300000
22, 100.0, 95.01233604441789, 0.0, 100.0, 300000
23, 100.0, 95.01233604441789, 0.0, 100.0, 300000
24, 100.0, 95.01233604441789, 0.0, 100.0, 300000
25, 100.0, 95.01233604441789, 0.0, 100.0, 300000
26, 100.0, 95.01233604441789, 0.0, 100.0, 300000
